ABERDEENSHIRE
14885 14942 159 168 160 14955 161 14903 14983 14907 14900 14893 14904 14952 14917 170

ANGUS
15219 181 184 187 15240 15225 15027

ANTRIM
16351 16353 16365 16374 1450 16277 16295 16346 16358 16241 1467 16243 16242 1479 16224 16226 16338 1452 16246 16301 16305 16328 16331 16337 16371 19192 1447 1460 16322

ARMAGH
17315 16201 16500 1534

AVON
9418 9621 9406 9405 676 674 9543 9569 9542 9613 9595 18912

AYRSHIRE
999 13390 13419 1005 13378 13449 1006 17217 994 996 13497

BANFFSHIRE
14865

BEDFORDSHIRE
6229 465 461 5380 466 4363 4348 4404

BERKSHIRE
6190 5965 5977 6123 6010 6165 6182 6007 830 6011

BERWICKSHIRE
15877 16057 16064 15973 267 15884 16025 16054

BUCKINGHAMSHIRE
6196 6295 5827

BUTESHIRE
13850 937

CAITHNESS
14366 14413 14419 14364 14423 14368 14360

CAMBRIDGESHIRE
4466 4650 4463 4629 454 4427 4630 455 457 583 456 4643 4410 4029 4408 4627 4622 4499 4424 4459 4228 4458 4510 4451 4649 18913

CHESHIRE
11728 1132 11730 12141 11769 12145 11810 11807 11797 11785 1130 11826 11768 12147 11719 11780 11803 11836 11770 11805 12177 11841 11811

CLEVELAND
18941

CLWYD
11589 11494 11714 11537 17210 1149 1141 1144 11668 1155 1153 1154 18950 11664 11594 11582 1148 11691 11731 1142

CORK
17089

CORNWALL
8703 8736 1418 8591 8599 1417 8631 8780 1393 8782 8711 8624 8648 8625 8596 8690 8795 1415 8769 8636 8668 8661 8626 8699 8652 8645 1395 8587 8718

CUMBRIA
12823 1073 13000 12936 12828 13028 12695 12755 12722 12759 12975 12606 12830 12826 12797 12989 12981 12984 12821 12802 12711 12706 13068 12766 13031 12700 12643 12788 12785 12773 1070 12653 12872 12894 13043 12859 13151 1773 12909 13024 12762 13009 12939 12925 12769 12521 12534 12545 12627 12807 12921 1078 13149 12673 12531 12608 12613 12628 12640 13046 12874 12944 12741 12916 12775 12645 12624 12841 1782 12906 12864 12847 13014 12638 12929 12951 13021 12684 12525 13144 1083 12779 1055 1074 1060 12529 12934 12931 12943 18914 12618

DERBYSHIRE
11895 544 539 11903 11872 3404 545 11908 11860 11878 11858 3253 11886 11901 3501 3341 3226 3369 552 3120 3161 549 3372 3307 3637 3230 3381 3314 11916

DEVON
8423 8535 8536 8326 1371 1336 8533 8432 8341 8434 1379 8343 1346 1378 8099 8420 8133 8611 9004 8375 8870 1362 8486 8521 8618 8564 8139 8494 8615 8833 8231 1383 8456 8988 8160 8130 1352 1382 8878 8322 8593 8960 8955 8621 8429 8096 8480 8851 8969 8948 8566 8562 8455 8233 8859 8619 8605 8882 8410 8159 8561 8089 8238 8567 8500 8860 8950 8816 8577 8850 8264 8427 8355 8302 8417 8452 8933

DORSET
7953 8006 8067 1326 1328 842 7975 1319 7991 9148 7844 7841 843 7873 7969 7887

DOWN
1489 1527 16477 16480 16479 16165 16167 16166 1507 1491 1517 1523 16391 16489 1529 16473 1502 16439 16471 16168 1509 16451 1475 1504 16429 1501 1494

DUBLIN
17097

DUMFRIESSHIRE
13224 13214 13192 13222 13229 13175 13122 13162

DUNBARTONSHIRE
13723 13725 13730

DURHAM
1897 1899 1997 1898 1902 1846 1991 1884 1981 1952 2014 1972 2010 1993 1847 1828 1841 1922 2009 1999 1968 1988 2016 1838 1896 1967 2001 2024 1926 1936 1906 1890 2063

DYFED
1201 1198 1214 1209 1215 1205 11121 1204 1211 11118 11110 10725 11091 1217 11274 1219 1222 11229 11280 11171 1223 11170 11215 11190 11185 11220 11233 11205 11272

ESSEX
5352 5216 5091 5168 487 5201 5179 5481 5254 5275 484 5207 5257 5172 5075 5279 5350 5131 504 4444 5187 5213 496 488 5158 481 5132 498 5218 4442 5241 18937 5174

FERMANAGH
16534 1563 16530

FIFE
235 237 15406 15383 232 15379 15390 15394

GLOUCESTERSHIRE
5711 10131 10268 10354 10370 9415 692 688 5660 9635 9411 691 5713 5733 10226 18921 18920

GWENT
10898 10672 10857 10862 10719 10885

GWYNEDD
1168 1145 1180 11441 1160 11350 11488 11359 11611 11450 11411 11385 11313 11331 11283 1162 11328 1146 11397

HAMPSHIRE
855 7830 6337 869 7541 7595 7564 7655 7609 7632 868 7545 7599 854 7525 863 847 7647 7603 7644 7654 862 6366 7804 7622 7625 7542 7683 7569 7382 7556 7637 858 7589 7671 7519 6045 6361 7602 6024 6335 7532

HERTFORDSHIRE
472 6213 6212 6282 6211 5450 6219 476 6288 6237 6225 5436 6234

HUMBERSIDE
3714 3715 3738 374 2497 2145 370 2109 2184 3767 2162 3756 3748 3750 3679 2134 2132 3737 2153 2174 18923 2187

INVERNESS-SHIRE
14637 14777 92 116 122 14600 14172 115 14187 14169 14661 14068 111 110 118 14087 113 14206 105 117 14718

KENT
6857 6840 7031 7028 7022 6915 744 775 7003 6917 6914 6736 742 7084 6723 6741 6889 6910 757 7011 7000 6976 17203 730 6937 759 743

KINCARDINESHIRE
14978 14995 14969 14974 14981

KINROSS-SHIRE
226 15411 15410

KIRKCUDBRIGHTSHIRE
13290 1035 13281 13275 13239 13289 13308 13298 13243 13238 13253 13251 1033 13312

LANARKSHIRE
13525 983 982 978 980 987

LANCASHIRE
12390 12443 12068 1111 12373 12500 12449 12494 12409 12429 12489 12001 12577 16851 12300 12411 12421 12082 12077 12405 12271 12065 12396 12461 2529 12495 11986 12453 507 12230 12395 12474 12382 12505 12392 12433 1090 12005 12519 12237 12326 11982 12335 12324 12317 12441 12313 12213 12363 12467 12578 12304 1112 12301 12378 12282 12511 12414 1105 12514 12402 12258 12491 12572 12236 12380 12232 12557 12316 12580 11980

LEICESTERSHIRE
3463 3480 3473 3457 3420 3461 3121 10145 569 3974 4016 3117 3472 3467 574 3437 3438 4008 4014

LINCOLNSHIRE
3959 3932 386 3606 3883 384 401 3888 3803 3965 3567 393 3805 4068 4037 3865 3838 381 3911 3823 3773 3916 3892 4059 3610 3964 390 3919 3837 3852 4066 3940 4076 395

LONDONDERRY
16139 16144 16137 16127 1427 16130 1435 16124 16149 1431 16273

MAYO
17101

MERSEYSIDE
11754 1101 12210 12205 17309

NORFOLK
4901 4758 4938 4698 4870 432 407 4928 4890 409 4684 4886 4875 4897 4710 4732 4697 4827 4807 4911 4817 4812 4601 4578

NORTHAMPTONSHIRE
4161 4109 5790 5794 5801 578 4134 4133 4086

NORTHUMBERLAND
1765 310 1761 1815 1768 1624 1710 1755 289 1744 1830 1822 16031 16042 1788 16043 1728 1663 1784 16032 1684 1687 1628 1747 1721 1724 1809 315 1681 1664 16589 1785 1655 1692 1717 1771

NOTTINGHAMSHIRE
3538 3613 3594 556 561 566 3485 3541 3587 3598 3547 555 3629 3614 3621 3581 3599 3662 18919

ORKNEY
14407 14399 23 17 14404 24 19 25

OXFORDSHIRE
608 5787 5892 613 5940 5865 825 5776 605 609 5742 5843 5930 5838 5760

PEEBLESHIRE
15905 15927 15914 15924

POWYS (NORTH)
9791 9789 9790

POWYS (SOUTH)
9791 9789 9790

ROXBURGHSHIRE
286 15994 15982 13141

SELKIRKSHIRE
15957

SHETLAND
13 9 14387 14397 14390 14395 14377 14388 7 4 14376 14384 3 6 14372 14379 10 14385 12 18936 1 2 14

SHROPSHIRE
9934 9797 651 9924 10073 643 652 18952 10042 9843 9899 30096 10054 638 9858 9868 9903 9804

SOMERSET
9301 8185 8196 9309 9529 9173 9525 8198 9003 9233 9055 1292 9502 1302 9339 9108 1304 9146 8066 8203 9010 1291 8178 8187 9084 9192 8177 8069 9219 9238 8996 9120 9327 9263 9214 9522 9513 9512 9035 9092 9255 9264 9329 9121

STAFFORDSHIRE
2971 3128 3125 2963 622 3184 2918 3201 2929 2913 2933 3131 3122 2917

SUFFOLK
5050 439 4944 440 413 435 4877 4952 5106 5049 5100 4993 5115 4997 4525 436 5060 4856 4554 18925 18930 5103 4523

SURREY
6512 6829 719 6511 6482 6330 6528 6483 6556 6359 6448 6714 6619 6323 6066 6399 6348 6814 6353 6522 6433 6513

SUTHERLAND
48 40 14338 14465 14322 14444 14455 44 14350

TYRONE
1544 16110 16118 1543 16113 16111 16074 16108 16115

WARWICKSHIRE
600 10172 10188 10229 595

WIGTOWNSHIRE
13348 1039 13321 13326 13333

WILTSHIRE
888 5687 889 9443 886 883 9421 9445 7803 9429 7759 7772

